  SWAN+ADCIRC Example     ! 32 CH   Gustav (2008) on EC95d    eastcoast_95d_ll_select
       1104         51  0.9000000E+003   900     2 FileFmtVersion:    1050624
     9.0000000000E+002            900
         1    -2.4055585828E-007   2.7703011798E-007
         2     9.9402806934E-008  -7.7852413221E-007
         3     1.0629942888E-007  -7.9455885899E-007
         4    -5.0030048216E-007  -2.0970603840E-008
         5    -1.8175632053E-007   5.5104890380E-009
         6    -2.2525851777E-007  -7.5685729530E-008
         7     4.1240337918E-007  -6.0417795621E-007
         8    -5.0772217908E-007   1.1453544752E-007
         9    -1.1331343000E-007  -1.1356859866E-006
        10    -3.6666223615E-007   6.7083196051E-007
        11    -5.4394823807E-007   2.3970146928E-007
        12     7.0532086687E-007  -7.6008270024E-007
        13    -4.9768448735E-007  -2.7442575589E-007
        14    -3.4662802274E-007  -5.7137302134E-007
        15     2.2014689952E-008  -9.8135797733E-007
        16    -3.7482143151E-007  -1.1796998308E-006
        17     1.3544708748E-007  -1.1551064954E-006
        18     6.2556673913E-007  -3.8445830692E-007
        19     3.7500956265E-007  -1.2816552649E-006
        20     5.0934141137E-007  -9.3185385186E-007
        21     6.6024276086E-008  -1.3570431244E-006
        22     1.0872500113E-006   5.8465482729E-007
        23    -2.1887755659E-008  -1.2584577086E-006
        24     3.4104215427E-007  -1.4238415100E-006
        25     8.6206200284E-007  -1.4730371426E-006
        26    -4.9945592069E-007   1.1763187229E-007
        27     5.4129138000E-007   1.0412464577E-006
        28    -8.0842181974E-007  -8.4027047597E-007
        29    -2.1211408509E-006   8.7942277377E-008
        30    -7.8659770640E-007  -9.1106614688E-007
        31    -1.3136161568E-007   1.4663502436E-007
        32    -7.3911969016E-007  -8.6091738683E-007
        33     7.1322062072E-007  -1.8090782648E-006
        34     4.9892743321E-007  -1.9438803917E-006
        35    -5.8819871665E-007  -1.8415154693E-006
        36    -5.1462824860E-007  -1.8164981268E-006
        37    -2.8181330697E-007  -1.7180139309E-006
        38     2.4866215703E-007  -2.1850141603E-006
        39     3.5273958898E-007  -1.9150487865E-006
        40     6.1085117616E-007  -2.0325269510E-006
        41    -4.4174006275E-007  -1.7630849534E-006
        42    -7.0000844816E-007  -1.7253424110E-006
        43     8.5478336797E-007  -8.2126293777E-007
        44    -8.8630993665E-008  -1.9797485556E-007
        45     2.4830264618E-007  -1.9048049319E-006
        46    -7.8449204979E-007   5.7820300453E-007
        47    -3.1565153213E-007  -4.6024047018E-007
        48    -5.0169498868E-007  -9.7056287800E-007
        49    -7.7042638183E-007  -3.4946023060E-007
        50    -5.9300683750E-007  -1.1898670057E-006
        51     5.8613133179E-008  -1.9405124046E-006
     1.8000000000E+003           1800
         1    -5.4384571283E-007   8.7589195924E-007
         2     9.7969504981E-007  -3.1999499387E-006
         3     1.8635860146E-007  -3.5283049135E-006
         4    -1.3798452004E-006  -4.7767837832E-007
         5    -7.7975111132E-007   2.5945740803E-009
         6    -1.4672582471E-007  -4.0504953474E-008
         7     1.0960059273E-006  -1.6505747999E-006
         8    -1.4438622713E-006   2.3861353174E-007
         9    -6.0522195914E-007  -5.0628496801E-006
        10    -1.1005763585E-006   1.7306283175E-006
        11    -2.3293846809E-006   5.9334372284E-007
        12     4.7231523389E-006  -4.9775024298E-006
        13    -1.8746030685E-006  -9.5553216240E-007
        14    -1.5429361510E-006  -1.8755192527E-006
        15     5.7474340432E-007  -3.2475081592E-006
        16    -1.9428962391E-006  -5.0852361836E-006
        17     6.1087383862E-007  -5.0108147712E-006
        18     2.4541124342E-006  -1.6386442362E-006
        19     1.5594844620E-006  -5.0716185128E-006
        20     1.2557362925E-006  -2.5032464683E-006
        21     2.1410699815E-007  -5.1562578706E-006
        22     2.6589660168E-006   3.6679410411E-007
        23    -8.5911722400E-008  -3.4988576097E-006
        24     1.4189500395E-006  -5.5377807396E-006
        25     3.1521729463E-006  -6.3996867312E-006
        26    -2.2631630509E-006   7.1954471728E-008
        27     1.7362878472E-006   2.9737322033E-006
        28    -3.1579076300E-006  -3.2841730227E-006
        29    -7.4203637748E-006  -1.7917603860E-007
        30    -4.1920300204E-006  -4.3592266015E-006
        31    -5.1078363900E-007   4.5012306286E-007
        32    -3.3843092231E-006  -3.7478951513E-006
        33     3.0257379436E-006  -7.3447368270E-006
        34     2.1150434836E-006  -8.1433058885E-006
        35    -2.1650115522E-006  -7.7321595860E-006
        36    -2.0787011423E-006  -7.2318941109E-006
        37    -1.2542083906E-007  -7.0132253074E-006
        38     1.8709140081E-006  -1.4046356896E-005
        39     2.9679859937E-006  -1.4912503630E-005
        40     2.2839090602E-006  -8.0787542100E-006
        41    -2.3606850677E-006  -6.6697318977E-006
        42    -2.6681492567E-006  -6.7419003875E-006
        43     3.1902249223E-006  -2.7227793477E-006
        44     3.6910078841E-006   5.5592870372E-008
        45     9.1816559206E-007  -8.3243277212E-006
        46    -3.1598978885E-006   2.0173692627E-006
        47    -1.2467320738E-006  -2.0293382873E-006
        48    -2.3025863432E-006  -4.1612721764E-006
        49    -3.2103072889E-006  -1.6258468816E-006
        50    -2.4450656325E-006  -4.8496844553E-006
        51     3.1866236431E-007  -8.4321626156E-006
     2.7000000000E+003           2700
         1    -4.4329186618E-007   8.2922430143E-007
         2     3.4503719974E-006  -7.1012835296E-006
         3    -4.6629437856E-007  -8.9572899365E-006
         4    -1.9352896281E-006  -1.8388132892E-006
         5    -1.9547446365E-006  -4.9757156901E-008
         6     1.8975597701E-008   2.8331986660E-008
         7     2.0469456926E-006  -3.0726220798E-006
         8    -2.1420949363E-006   2.1449860618E-007
         9    -1.4427853920E-006  -1.2346501790E-005
        10    -1.3389917433E-006   1.7444535687E-006
        11    -4.5778178695E-006  -4.0258821987E-007
        12     1.4377345246E-005  -1.4996730668E-005
        13    -3.9877886929E-006  -1.8892074106E-006
        14    -3.7332819221E-006  -3.6049036919E-006
        15     3.1967409918E-006  -5.8341668179E-006
        16    -5.3026443211E-006  -1.2112031441E-005
        17     1.4883455708E-006  -1.2083346065E-005
        18     5.9170354851E-006  -4.2355853380E-006
        19     3.7518226535E-006  -1.1543090266E-005
        20     1.4696743071E-006  -3.0327828716E-006
        21     4.1874833491E-007  -1.0939682041E-005
        22     2.1928683071E-006  -2.3069894971E-006
        23     3.4396537873E-007  -5.4069984239E-006
        24     3.0375078980E-006  -1.1655945792E-005
        25     7.0129444697E-006  -1.5062727293E-005
        26    -6.5580101537E-006   6.0685430572E-007
        27     2.6602392461E-006   5.0808511962E-006
        28    -6.8595694412E-006  -7.1381557380E-006
        29    -1.4137397099E-005  -1.5918404162E-006
        30    -1.1669667444E-005  -1.1264416244E-005
        31    -1.2405116155E-006   7.4242007240E-007
        32    -8.5283998082E-006  -8.8926426173E-006
        33     6.9573336792E-006  -1.6556920110E-005
        34     4.8064839543E-006  -1.8425795890E-005
        35    -4.4098607898E-006  -1.8434736763E-005
        36    -4.7269514168E-006  -1.6119946325E-005
        37     7.7986166502E-007  -1.6618740021E-005
        38     7.7559139192E-006  -5.3264468307E-005
        39     5.1721693904E-006  -4.8875936685E-005
        40     4.8207874680E-006  -1.8102563411E-005
        41    -6.4890152646E-006  -1.3959433089E-005
        42    -5.4967053553E-006  -1.4195057132E-005
        43     6.4281761190E-006  -5.3124497359E-006
        44     2.2129453155E-005   1.7976709816E-006
        45     2.2063546497E-006  -2.1092055570E-005
        46    -7.0806875207E-006   3.6376669001E-006
        47    -2.7370871480E-006  -4.9782729198E-006
        48    -5.9201820290E-006  -9.9683615569E-006
        49    -7.5566015401E-006  -4.2435873743E-006
        50    -5.6140560496E-006  -1.1018400484E-005
        51     9.1011876193E-007  -2.0561610429E-005
