  SWAN+ADCIRC Example     ! 32 CH   Gustav (2008) on EC95d    eastcoast_95d_ll_select
       1104         51  0.9000000E+003      900     2 FileFmtVersion:    1050624
     9.0000000000E+002            900
         1    -2.3012948640E-004   1.0497510368E-004
         2    -2.3734587811E-004   1.0501151233E-004
         3    -2.6057885683E-004   1.0197582961E-004
         4    -2.8905080176E-004   1.0887494536E-004
         5    -3.0958058249E-004   1.1992852829E-004
         6    -3.1131022233E-004   1.1898765724E-004
         7    -3.1378774179E-004   1.2015693020E-004
         8    -3.1970834632E-004   1.2473985131E-004
         9    -3.1040946067E-004   1.1501721445E-004
        10    -3.1201260238E-004   1.1172686635E-004
        11    -3.1258850631E-004   1.0642320023E-004
        12    -3.2104986128E-004   1.1535104395E-004
        13    -3.2021337218E-004   1.0565258747E-004
        14    -3.2257068036E-004   1.0445006471E-004
        15    -3.2827172858E-004   1.0677106666E-004
        16    -3.5989455215E-004   1.1317969270E-004
        17    -3.6863815039E-004   1.1217526732E-004
        18    -3.7361884009E-004   1.1243607719E-004
        19    -4.2466738641E-004   1.1844987339E-004
        20    -3.7429088416E-004   1.0116577571E-004
        21    -4.0389130247E-004   1.1176343315E-004
        22    -4.1545770118E-004   1.1276238383E-004
        23    -4.3123166459E-004   1.1893378575E-004
        24    -4.6991749366E-004   1.3018671032E-004
        25    -4.9099777423E-004   1.3648112712E-004
        26    -5.1870578411E-004   1.4158766839E-004
        27    -5.2673529552E-004   1.3293419321E-004
        28    -5.3304304873E-004   1.1140819971E-004
        29    -5.5111204125E-004   1.0288964327E-004
        30    -5.5914766098E-004   9.7819686360E-005
        31    -5.6031884253E-004   9.3102075166E-005
        32    -5.6359265991E-004   9.3804019497E-005
        33    -6.2883776262E-004   8.9448014837E-005
        34    -6.6668892068E-004   9.2464789079E-005
        35    -7.9744925237E-004   1.0440260597E-004
        36    -8.0060196624E-004   1.0428101422E-004
        37    -1.0666552846E-003   1.0808254478E-004
        38    -1.0731173788E-003   7.9552410123E-005
        39    -1.0166383522E-003   6.4648531073E-005
        40    -8.9005377648E-004   7.6374189522E-005
        41    -7.3667206382E-004   7.1061286754E-005
        42    -7.2559466923E-004   7.0556688205E-005
        43    -4.7846673392E-004   4.3616032007E-005
        44    -4.1681782526E-004   2.1645542921E-005
        45    -3.8879020896E-004   1.9030475354E-005
        46    -2.9695247467E-004   8.8581598227E-006
        47    -2.8591018862E-004   6.3204022525E-006
        48    -2.8679844853E-004   6.1360760447E-006
        49    -2.8213151447E-004   4.5467627362E-006
        50    -2.6615005428E-004  -7.7704574910E-007
        51    -2.8292702617E-004  -4.1556902767E-006
     1.8000000000E+003           1800
         1    -4.5882338121E-004   2.0794881359E-004
         2    -4.7327201881E-004   2.0793750427E-004
         3    -5.1982146854E-004   2.0153368272E-004
         4    -5.7676621486E-004   2.1505764574E-004
         5    -6.1777583363E-004   2.3706763768E-004
         6    -6.2125053837E-004   2.3514812663E-004
         7    -6.2620167960E-004   2.3747263493E-004
         8    -6.3801468204E-004   2.4663339399E-004
         9    -6.1948535454E-004   2.2715379000E-004
        10    -6.2272617354E-004   2.2049360699E-004
        11    -6.2392231409E-004   2.0977956928E-004
        12    -6.4079539503E-004   2.2768053987E-004
        13    -6.3919647290E-004   2.0811110940E-004
        14    -6.4392470946E-004   2.0564630787E-004
        15    -6.5532600441E-004   2.1025085554E-004
        16    -7.1861953221E-004   2.2272806110E-004
        17    -7.3613889953E-004   2.2056269818E-004
        18    -7.4611389632E-004   2.2101306638E-004
        19    -8.4835227594E-004   2.3237963800E-004
        20    -7.4750113902E-004   1.9818464994E-004
        21    -8.0675404333E-004   2.1917000934E-004
        22    -8.2992019656E-004   2.2100567837E-004
        23    -8.6150251330E-004   2.3325403657E-004
        24    -9.3898637235E-004   2.5543300000E-004
        25    -9.8121676721E-004   2.6785172075E-004
        26    -1.0367478197E-003   2.7775860754E-004
        27    -1.0528703221E-003   2.6007199628E-004
        28    -1.0654827924E-003   2.1622372793E-004
        29    -1.1016270122E-003   1.9855224290E-004
        30    -1.1176757146E-003   1.8807076621E-004
        31    -1.1199682575E-003   1.7843040865E-004
        32    -1.1265330865E-003   1.7979883068E-004
        33    -1.2571398299E-003   1.6963079310E-004
        34    -1.3330113842E-003   1.7504228301E-004
        35    -1.5952819780E-003   1.9683963245E-004
        36    -1.6016000226E-003   1.9652739206E-004
        37    -2.1353219017E-003   1.9886012081E-004
        38    -2.1473119133E-003   1.4007248383E-004
        39    -2.0334297613E-003   1.1061609957E-004
        40    -1.7801430215E-003   1.3745290551E-004
        41    -1.4726696202E-003   1.2978801807E-004
        42    -1.4504696935E-003   1.2898571763E-004
        43    -9.5517587779E-004   7.8980754935E-005
        44    -8.3117667551E-004   3.5262572436E-005
        45    -7.7509909329E-004   3.0506351080E-005
        46    -5.9135762428E-004   1.1631996791E-005
        47    -5.6919725525E-004   6.6584262452E-006
        48    -5.7095731224E-004   6.2594754397E-006
        49    -5.6155718674E-004   3.0925137009E-006
        50    -5.2934144973E-004  -7.5240133252E-006
        51    -5.6251157801E-004  -1.4882666496E-005
     2.7000000000E+003           2700
         1    -6.8493383074E-004   3.0847208205E-004
         2    -7.0659425172E-004   3.0833291743E-004
         3    -7.7642760350E-004   2.9825916650E-004
         4    -8.6170352226E-004   3.1811129606E-004
         5    -9.2303944925E-004   3.5093001111E-004
         6    -9.2826617868E-004   3.4800037565E-004
         7    -9.3567456330E-004   3.5146091196E-004
         8    -9.5332167858E-004   3.6517201020E-004
         9    -9.2567800516E-004   3.3595054939E-004
        10    -9.3058368462E-004   3.2586052111E-004
        11    -9.3244264756E-004   3.0965969439E-004
        12    -9.5763415636E-004   3.3653350065E-004
        13    -9.5535311404E-004   3.0697487033E-004
        14    -9.6245459627E-004   3.0319618222E-004
        15    -9.7952668113E-004   3.1003693460E-004
        16    -1.0743816122E-003   3.2822428189E-004
        17    -1.1006663410E-003   3.2475200573E-004
        18    -1.1156247821E-003   3.2532197024E-004
        19    -1.2689428224E-003   3.4137422313E-004
        20    -1.1177710001E-003   2.9071172426E-004
        21    -1.2065801539E-003   3.2183111884E-004
        22    -1.2413226702E-003   3.2434189208E-004
        23    -1.2886685368E-003   3.4254647100E-004
        24    -1.4048699816E-003   3.7528187571E-004
        25    -1.4682153502E-003   3.9363054203E-004
        26    -1.5515478827E-003   4.0801728565E-004
        27    -1.5757917178E-003   3.8097014178E-004
        28    -1.5946856766E-003   3.1412684611E-004
        29    -1.6488287964E-003   2.8672482504E-004
        30    -1.6728321521E-003   2.7052278522E-004
        31    -1.6761932011E-003   2.5578186065E-004
        32    -1.6860501254E-003   2.5777887394E-004
        33    -1.8818246639E-003   2.4039789080E-004
        34    -1.9957030300E-003   2.4758173427E-004
        35    -2.3896036058E-003   2.7714726594E-004
        36    -2.3990846709E-003   2.7657722772E-004
        37    -3.2008293458E-003   2.7224093580E-004
        38    -3.2173943275E-003   1.8162963814E-004
        39    -3.0454583735E-003   1.3804131023E-004
        40    -2.6659475467E-003   1.8326545257E-004
        41    -2.2044061663E-003   1.7618200421E-004
        42    -2.1710917711E-003   1.7528728526E-004
        43    -1.4277964897E-003   1.0614041040E-004
        44    -1.2410605908E-003   4.1002837456E-005
        45    -1.1570481941E-003   3.4580719409E-005
        46    -8.8179060326E-004   8.4881619229E-006
        47    -8.4849296804E-004   1.1915756441E-006
        48    -8.5110436028E-004   5.4958907570E-007
        49    -8.3692960798E-004  -4.1749339274E-006
        50    -7.8831275916E-004  -2.0023862738E-005
        51    -8.3741825869E-004  -3.1926637883E-005
