  SWAN+ADCIRC Example     ! 32 CH   Gustav (2008) on EC95d    eastcoast_95d_ll_select
       1104         51  0.9000000E+003      900     1 FileFmtVersion:    1050624
     9.0000000000E+002            900
         1     1.0326173489E+001
         2     1.0326173196E+001
         3     1.0326172281E+001
         4     1.0326171227E+001
         5     1.0326170510E+001
         6     1.0326170450E+001
         7     1.0326170366E+001
         8     1.0326170167E+001
         9     1.0326170479E+001
        10     1.0326170422E+001
        11     1.0326170398E+001
        12     1.0326170116E+001
        13     1.0326170137E+001
        14     1.0326170056E+001
        15     1.0326169867E+001
        16     1.0326168848E+001
        17     1.0326168573E+001
        18     1.0326168420E+001
        19     1.0326166914E+001
        20     1.0326168392E+001
        21     1.0326167510E+001
        22     1.0326167175E+001
        23     1.0326166728E+001
        24     1.0326165671E+001
        25     1.0326165117E+001
        26     1.0326164409E+001
        27     1.0326164205E+001
        28     1.0326164051E+001
        29     1.0326163618E+001
        30     1.0326163432E+001
        31     1.0326163412E+001
        32     1.0326163333E+001
        33     1.0326161846E+001
        34     1.0326161012E+001
        35     1.0326158314E+001
        36     1.0326158253E+001
        37     1.0326153474E+001
        38     1.0326153421E+001
        39     1.0326154421E+001
        40     1.0326156634E+001
        41     1.0326159616E+001
        42     1.0326159844E+001
        43     1.0326165643E+001
        44     1.0326167544E+001
        45     1.0326168386E+001
        46     1.0326171499E+001
        47     1.0326171962E+001
        48     1.0326171938E+001
        49     1.0326172160E+001
        50     1.0326172979E+001
        51     1.0326172544E+001
     1.8000000000E+003           1800
         1     1.0326149618E+001
         2     1.0326149033E+001
         3     1.0326147209E+001
         4     1.0326145112E+001
         5     1.0326143687E+001
         6     1.0326143567E+001
         7     1.0326143399E+001
         8     1.0326143004E+001
         9     1.0326143623E+001
        10     1.0326143507E+001
        11     1.0326143457E+001
        12     1.0326142899E+001
        13     1.0326142937E+001
        14     1.0326142776E+001
        15     1.0326142399E+001
        16     1.0326140369E+001
        17     1.0326139822E+001
        18     1.0326139515E+001
        19     1.0326136514E+001
        20     1.0326139456E+001
        21     1.0326137701E+001
        22     1.0326137032E+001
        23     1.0326136144E+001
        24     1.0326134038E+001
        25     1.0326132934E+001
        26     1.0326131522E+001
        27     1.0326131112E+001
        28     1.0326130799E+001
        29     1.0326129931E+001
        30     1.0326129559E+001
        31     1.0326129518E+001
        32     1.0326129360E+001
        33     1.0326126391E+001
        34     1.0326124727E+001
        35     1.0326119342E+001
        36     1.0326119220E+001
        37     1.0326109669E+001
        38     1.0326109562E+001
        39     1.0326111560E+001
        40     1.0326115982E+001
        41     1.0326121937E+001
        42     1.0326122392E+001
        43     1.0326133959E+001
        44     1.0326137745E+001
        45     1.0326139423E+001
        46     1.0326145623E+001
        47     1.0326146546E+001
        48     1.0326146497E+001
        49     1.0326146939E+001
        50     1.0326148571E+001
        51     1.0326147706E+001
     2.7000000000E+003           2700
         1     1.0326126270E+001
         2     1.0326125397E+001
         3     1.0326122674E+001
         4     1.0326119550E+001
         5     1.0326117431E+001
         6     1.0326117251E+001
         7     1.0326117001E+001
         8     1.0326116414E+001
         9     1.0326117332E+001
        10     1.0326117156E+001
        11     1.0326117079E+001
        12     1.0326116252E+001
        13     1.0326116302E+001
        14     1.0326116061E+001
        15     1.0326115501E+001
        16     1.0326112473E+001
        17     1.0326111655E+001
        18     1.0326111198E+001
        19     1.0326106719E+001
        20     1.0326111103E+001
        21     1.0326108489E+001
        22     1.0326107490E+001
        23     1.0326106166E+001
        24     1.0326103027E+001
        25     1.0326101381E+001
        26     1.0326099273E+001
        27     1.0326098656E+001
        28     1.0326098178E+001
        29     1.0326096877E+001
        30     1.0326096320E+001
        31     1.0326096256E+001
        32     1.0326096021E+001
        33     1.0326091583E+001
        34     1.0326089096E+001
        35     1.0326081049E+001
        36     1.0326080867E+001
        37     1.0326066579E+001
        38     1.0326066416E+001
        39     1.0326069404E+001
        40     1.0326076020E+001
        41     1.0326084921E+001
        42     1.0326085602E+001
        43     1.0326102873E+001
        44     1.0326108521E+001
        45     1.0326111024E+001
        46     1.0326120268E+001
        47     1.0326121643E+001
        48     1.0326121570E+001
        49     1.0326122230E+001
        50     1.0326124662E+001
        51     1.0326123375E+001
