  SWAN+ADCIRC Example     ! 32 CH   Gustav (2008) on EC95d    eastcoast_95d_ll_select
       1104         51  0.9000000E+003   900     1 FileFmtVersion:    1050624
     9.0000000000E+002            900
         1     2.1999867070E-001
         2     2.2000019250E-001
         3     2.2000041847E-001
         4     2.1999988379E-001
         5     2.1999958734E-001
         6     2.1999909798E-001
         7     2.2000064715E-001
         8     2.2000110856E-001
         9     2.1999992686E-001
        10     2.1999891256E-001
        11     2.1999948304E-001
        12     2.2000013564E-001
        13     2.2000069812E-001
        14     2.1999974165E-001
        15     2.2000015901E-001
        16     2.1999956077E-001
        17     2.1999985448E-001
        18     2.2000069267E-001
        19     2.1999979603E-001
        20     2.2000048736E-001
        21     2.2000001630E-001
        22     2.2000052120E-001
        23     2.2000026224E-001
        24     2.2000054948E-001
        25     2.2000117578E-001
        26     2.1999791372E-001
        27     2.1999817837E-001
        28     2.1999918525E-001
        29     2.1999928312E-001
        30     2.1999924764E-001
        31     2.1999976511E-001
        32     2.1999960583E-001
        33     2.2000017682E-001
        34     2.2000027868E-001
        35     2.1999900373E-001
        36     2.1999900899E-001
        37     2.1999942473E-001
        38     2.2000039700E-001
        39     2.1999960048E-001
        40     2.1999987805E-001
        41     2.2000031989E-001
        42     2.1999980761E-001
        43     2.1999804641E-001
        44     2.1999804994E-001
        45     2.1999983164E-001
        46     2.1999932332E-001
        47     2.1999957796E-001
        48     2.1999943253E-001
        49     2.1999911384E-001
        50     2.1999933487E-001
        51     2.1999977949E-001
     1.8000000000E+003           1800
         1     2.1999115177E-001
         2     2.2000076092E-001
         3     2.2000053842E-001
         4     2.1999969822E-001
         5     2.1999734613E-001
         6     2.1999704707E-001
         7     2.2000117048E-001
         8     2.2000470198E-001
         9     2.1999863728E-001
        10     2.1999351640E-001
        11     2.1999571715E-001
        12     2.2000067225E-001
        13     2.2000307945E-001
        14     2.1999851921E-001
        15     2.2000088406E-001
        16     2.1999702241E-001
        17     2.1999888545E-001
        18     2.2000328637E-001
        19     2.1999866874E-001
        20     2.2000103551E-001
        21     2.2000040931E-001
        22     2.2000359805E-001
        23     2.2000242226E-001
        24     2.2000302642E-001
        25     2.2000492531E-001
        26     2.1999108346E-001
        27     2.1999065308E-001
        28     2.1999547386E-001
        29     2.1999587791E-001
        30     2.1999494152E-001
        31     2.1999917309E-001
        32     2.1999738635E-001
        33     2.2000096299E-001
        34     2.2000196197E-001
        35     2.1999431639E-001
        36     2.1999420221E-001
        37     2.1999590804E-001
        38     2.2000247012E-001
        39     2.1998891964E-001
        40     2.1999898775E-001
        41     2.2000202077E-001
        42     2.1999889822E-001
        43     2.1999011092E-001
        44     2.1996730440E-001
        45     2.1999852372E-001
        46     2.1999539695E-001
        47     2.1999706169E-001
        48     2.1999601474E-001
        49     2.1999433715E-001
        50     2.1999562804E-001
        51     2.1999873278E-001
     2.7000000000E+003           2700
         1     2.1997951255E-001
         2     2.1999750636E-001
         3     2.1999488125E-001
         4     2.2000159619E-001
         5     2.1999262024E-001
         6     2.1999455016E-001
         7     2.2000020181E-001
         8     2.2000886809E-001
         9     2.1999443365E-001
        10     2.1998545477E-001
        11     2.1998853532E-001
        12     2.2000046409E-001
        13     2.2000590107E-001
        14     2.1999625678E-001
        15     2.2000094325E-001
        16     2.1999177514E-001
        17     2.1999637820E-001
        18     2.2000701920E-001
        19     2.1999635992E-001
        20     2.1999939413E-001
        21     2.2000201078E-001
        22     2.2000818063E-001
        23     2.2000645430E-001
        24     2.2000848876E-001
        25     2.2001145008E-001
        26     2.1997615255E-001
        27     2.1997682536E-001
        28     2.1998893748E-001
        29     2.1998839866E-001
        30     2.1998606933E-001
        31     2.1999718016E-001
        32     2.1999252685E-001
        33     2.2000348952E-001
        34     2.2000576378E-001
        35     2.1998624153E-001
        36     2.1998580797E-001
        37     2.1998783718E-001
        38     2.1999606234E-001
        39     2.1994280025E-001
        40     2.1999627203E-001
        41     2.2000494961E-001
        42     2.1999730116E-001
        43     2.1997483932E-001
        44     2.1985550327E-001
        45     2.1999442324E-001
        46     2.1998665514E-001
        47     2.1999066724E-001
        48     2.1998779851E-001
        49     2.1998369514E-001
        50     2.1998700002E-001
        51     2.1999656106E-001
